1
1
1
1
1
1
1
1
1
1
1
1
1
1
1
1
1
1
1
1
1
1
1
1
1
2
2
2
6
2
2
2
4
2
2
2
2
2
2
2
2
2
6
6
6
2
6
4
2
2
3
3
3
7
3
3
3
7
3
3
3
10
8
6
7
7
7
3
4
7
5
8
1
3
3
9
4
7
8
8
9
7
8
7
8
9
8
5
5
7
7
4
7
7
7
5
4
4
4
4
7
7
5
6
3
7
9
5
8
6
6
5
6
7
6
5
8
5
9
7
8
7
8
5
8
7
9
8
4
7
9
7
8
7
7
7
7
6
6
7
8
4
6
6
8
6
3
8
6
7
6
8
6
8
9
2
5
9
6
10
7
7
5
6
6
6
9
8
7
7
8
6
8
8
7
5
8
8
9
7
9
8
9
8
10
8
4
8
8
8
6
9
7
10
8
8
7
9
9
7
6
9
7
9
10
9
8
10
7
6
7
7
9
10
7
8
6
9
8
8
8
8
6
8
7
9
9
10
7
9
10
10
6
9
9
8
9
5
8
9
9
10
6
8
8
8
10
9
7
6
10
8
9
9
9
7
8
6
9
9
9
9
6
10
9
7
7
8
8
9
11
10
10
7
5
