0
0
0
0
0
0
0
0
0
0
0
0
0
0
0
0
0
0
0
0
0
0
0
0
0.002
0.001
0.002
0.002
0
0.003
0.002
0.017
0.001
0.006
0.001
0
0.013
0.001
0
0.015
0.018
0
0.003
0.002
0.006
0
0
0.002
0.095
0.015
0.017
0.003
0.015
0
0
0.003
0.002
0.006
0.004
0
0.002
0.008
0.002
0.005
0.047
0.003
0.001
0.07
0.002
0.007
0.023
0.003
0.075
0.01
0.022
0.023
0.006
0.045
0.01
0.001
0.025
0.02
0.004
0.005
0.012
0.009
0.004
0.063
0.337
0.026
0.002
0.221
0.001
0.005
0.096
0.048
0.003
0.021
0.002
0.85
0.079
1.083
0.001
0.012
0
0.091
0.006
0.005
0.016
0.107
1.069
0.024
0.007
0.005
0.009
0.071
0.005
0.005
0.024
0.036
0.038
0.306
0.055
0.233
2.765
0.013
4.675
1.879
1.626
0.132
1.32
0.134
2.776
0.015
0.03
0.076
0.01
0.045
0.113
3.206
1.35
0.04
0.345
0.01
0.18
0.676
0.919
0.25
2.356
4.008
3.884
11.473
0.022
0.182
2.424
0.334
0.913
0.005
2.494
0.058
0.561
0.448
0.058
4.188
2.588
2.413
0.017
0.116
19.266
0.786
0.766
0.722
0.006
0.178
1.767
4.553
1.708
0.598
2.292
0.682
15.736
0.332
0.004
0.006
11.538
0.015
0.554
3.048
1.31
2.176
0.041
0.111
15.634
0.907
0.066
5.592
0.509
1.365
0.086
0.008
6.793
51.391
0.179
0.672
26.527
7.804
1.899
3.473
0.002
0.003
1.738
0.06
0.856
0.084
0.049
4.731
31.398
0.052
0.267
32.118
32.203
0.382
4.803
0.634
1.404
0.62
1.636
13.812
0.251
11.494
0.616
23.477
107.804
60.732
42.282
0.849
0.133
0.229
176.065
11.064
19.446
0.162
3.473
27.498
32.214
6.57
9.704
3.218
0.655
123.888
56.132
15.138
0.052
0.839
0.01
13.956
0.004
72.374
0.071
0.798
7.5
128.493
3.55
5.511
